image: test1.pgm
resolution: 0.010000
origin: [-20.560000, -20.240000, 0.000000]
negate: 0
occupied_thresh: 0.65
free_thresh: 0.196

