armgoal:
  - pose.z: 62.06
    pose.x: 95.31999999999999
    pose.y: -105.17
    name: test0
  - name: test1
    pose.y: 133.01
    pose.x: 133.82
    pose.z: 70.51000000000001
  - pose.y: -24.21
    pose.z: 68.04000000000001
    pose.x: 215.28
    name: test2
  - pose.x: 131.14
    pose.y: -3.62
    name: test3
    pose.z: 62.04